Blood_T_CD3	Blood_T_CD4	Blood_T_CD8	Blood_T_CenMem_CD4	Blood_T_Eff_CD8	Blood_T_EffMem_CD4	Blood_T_EffMem_CD8	Blood_T_Naive_CD8	Blood_NK	Blood_Monocytes	Blood_Granulocytes	Blood_B	Blood_B_Mem
mix1	0.0653690054503576	0.0226146599804517	0.0265219412734932	0.0577136877627259	0.00485053644005019	0.0570073036749275	0.0144768429304823	0.0832732078106058	0.0444178866533516	0.112234801151797	0.421249974519672	0.00394316801543166	0.0863269843366543
mix2	0.00262710923382883	0.0281834997731893	0.0069976746697683	0.10514679997445	0.0287186669232732	0.0627188024943447	0.0352451233601075	0.0333786438790748	0.0158393981116711	0.135441587780598	0.413948061570389	0.0758843773245253	0.0558702549047796
mix3	0.0410570115369521	0.0675236578052751	0.0089374642278333	0.00477518287316179	0.0529960887363302	0.00939286751941693	0.0167882293560526	0.0275686970839911	0.00953156289207294	0.151810997032327	0.496368076113753	0.0940894688230868	0.0191606959997473
mix4	0.0121871137033188	0.0257229341416773	0.000802238509659713	0.0758835371596128	0.0481055141897204	0.148174423760111	0.0327193940912318	0.00791523926805007	0.0417759379127354	0.0948056558506047	0.400146666280601	0.0653507237903268	0.0464106213423499
mix5	0.0300973669475914	0.0707616217356805	0.032312734664278	0.134114853578691	0.0480750807942731	0.0518483827338262	0.0234638185818737	0.0637764220199433	0.0757511945571573	0.0604821148896314	0.385701325839412	0.0191870061267903	0.00442807753085138
mix6	0.0388927832178163	0.017324453590901	0.00736992309504089	0.0991944113513173	0.0674770509582637	0.142309822265032	0.00774882919862829	0.0565261838132329	0.0648596294968313	0.117834364328238	0.32299235586086	0.0135893011214472	0.0438808917023909
mix7	0.0514850868240392	0.0880870399690319	0.0319431721703022	0.0681304077679119	0.00951740675142441	0.109960731617916	0.0253980388605816	0.0765119155214391	0.0732332587816833	0.0241327441209592	0.427726795220385	0.0022131636774286	0.0116602387168967
mix8	0.00464178066062623	0.0712277905365037	0.0192834165139822	0.014406394560859	0.0487796075587593	0.229450410600598	0.00146175282782374	0.0428037493232497	0.0652461865652506	0.0136619000689557	0.42554202695964	0.0602956511083863	0.00319933271536517
mix9	0.0722030617847938	0.0496094279239792	0.0177550529673812	0.0135237720863323	0.0748640177487024	0.0386825196540554	0.0117962704466347	0.102230635105705	0.0209127129285561	0.157182890452369	0.36896010184281	0.0712292717391544	0.00105026531952718
mix10	0.0248306750410453	0.013314610493302	0.0170883146132473	0.0734584618879374	0.0230179289679322	0.0643952777630223	0.0379858859104734	0.0642172908605589	0.0831540731726095	0.0577255546802877	0.403473787458408	0.0713090719820889	0.0660290671690867
mix11	0.0319143790481033	0.0238609724910828	0.0102834648065756	0.067668626999067	0.0841294924659377	0.12206812598153	0.0126678615197733	0.0581952808974615	0.00656033487318839	0.0736216270493628	0.414537728465822	0.0461316842158917	0.0483604211862038
mix12	0.00850489716378893	0.110464028296819	0.012638907043288	0.0262386028166169	0.0890241717805617	0.00516529326130262	0.0110991976402043	0.0887277939361553	0.00597289224938074	0.135920451121156	0.405590347951343	0.050000520507898	0.0506528962314856
mix13	0.0278847831951606	0.113729418949629	0.00803695604500147	0.164977104031948	0.0371132051385821	0.0182033430022178	0.0369236923065594	0.0400541293711187	0.0319373042648558	0.0191031250420857	0.400122331663445	0.0979806593756737	0.00393394761372352
mix14	0.00586324878061155	0.0351744215646875	0.0027453818439286	0.0831155786510983	0.0670423090241878	0.156722976083364	0.0214304332480109	0.0621133530569775	0.0742186156595344	0.040583288779778	0.365645670406918	0.0675658870029875	0.0177788358979162
mix15	0.0371521443556775	0.113806776544166	0.0266718666011205	0.10123572388995	0.0661869070156417	0.128083402294785	0.00153020635257897	0.0325624285667007	0.0343291173471481	0.0347505754506074	0.36761343401397	0.0403660704741289	0.0157113470935244
mix16	0.0582865579669622	0.0834524273680804	0.0177892549790553	0.0420193553912137	0.103876956263934	0.0786343485895052	0.0154277609667375	0.0608075852973566	0.0894716493558022	0.0305569171921234	0.319521012045204	0.0487090789665674	0.0514470956174586
mix17	0.00361550814115762	0.00557759213207874	0.0144469757415696	0.080868920175709	0.0423074694298014	0.0996211690467995	0.0140062167520725	0.0600729696177668	0.0807201864266121	0.0813321302377171	0.439185972415914	0.0607952793308077	0.0174496105519944
mix18	0.0058735181467195	0.0562318869021681	0.00132083622010028	0.119961733270425	0.107128090391108	0.0334430699739229	0.0140130523899107	0.0319896738528108	0.0642655795104846	0.0213197610653476	0.464835155120496	0.0141855684843213	0.0654320746721859
mix19	0.0231731958718951	0.0538873736526127	0.0231565631171168	0.11604890525261	0.0211737318767155	0.0668507562660761	0.0245679221168457	0.0232802179797153	0.0862740684388362	0.0762661501746975	0.444816797598717	0.0372012540090124	0.00330306364514926
mix20	0.0186899769163624	0.0147373677659334	0.0185830331619975	0.121807091483477	0.0842372048833027	0.100854624488079	0.00963982519989815	0.0200632423966621	0.0240214701596495	0.0642603085234017	0.45769101441486	0.0388697314232438	0.0265451091831327
mix21	0.0409130740949378	0.0701535973105236	0.0087729579892523	0.0615984116098239	0.0744321772451367	0.0232125168602939	0.0127905788226069	0.0680875685581326	0.0381617313420961	0.0665322237750894	0.531739323987299	0.000850967402376041	0.00275487100243218
mix22	0.00727278439756545	0.0229933006801283	0.0323660114789666	0.0260339081533793	0.0675662971404946	0.066156719669629	0.0428665984512015	0.0295655121511386	0.011323036810322	0.113680454738879	0.535112312783249	0.0330396505000227	0.0120234130450247
mix23	0.0432456145425233	0.0121086318273516	0.0184908611499759	0.112533758263773	0.0490541640451263	0.126133332301076	0.0297386714380831	0.0321198028750483	0.0518927950291154	0.00816049730986673	0.38044271630563	0.0802469309739198	0.05583222393851
mix24	0.0134606354673569	0.0118447971306147	0.016493514989393	0.133440126225553	0.122260947446769	0.0991528794523296	0.00909472924324571	0.00459648331927582	0.0624050429668757	0.145051705645455	0.30015584410387	0.0341045201609375	0.0479387738483239
mix25	0.046440141670005	0.0317218083362468	0.0152621349723821	0.023235884236616	0.00907189291034017	0.103832129088322	0.0302497344076247	0.0459889660568627	0.0291642991991005	0.111710744273935	0.50444479192418	0.0188310453917876	0.0300464275325976
mix26	0.0320253845133962	0.0850742601680278	0.0122359013233278	0.0970939616458764	0.00729769532888599	0.0488212067139112	0.0354372924117538	0.0164489066861576	0.0127497312550533	0.106709562729264	0.486860779718363	0.0582180129394335	0.00102730456655002
mix27	0.0412897532404385	0.076066981560051	0.00182537472534399	0.116560405031984	0.0425503776627219	0.0448112218667	0.0316029774162225	0.0397996280522914	0.0234075255226814	0.091423650546145	0.462245688054261	0.0269265448523802	0.0014898714687793
mix28	0.0131628079546711	0.00266184540995931	0.012395219409992	0.0587705255130856	0.0889573882917881	0.0289221730814151	0.0421192700556735	0.0615141049291401	0.037724085831144	0.015280046796138	0.546728096632749	0.0283343202357512	0.063430115858493
mix29	0.0253636164448383	0.0145715297137086	0.0287600213609501	0.100609098823343	0.0489105330427922	0.0201145324266429	0.031443050027527	0.0179821830331805	0.0634870838670036	0.13598767643014	0.434815247460072	0.0135281490368761	0.0644272783329262
mix30	0.0511028275741949	0.125624064834389	0.0162775463108461	0.0110725045162017	0.0798984165531753	0.021410242029132	0.0382261665445087	0.0210199927251249	0.0220872998319468	0.0834574593628809	0.417983417636179	0.085648978660749	0.0261910834206713
mix31	0.000274822511166318	0.0676411314242653	0.0187600961663136	0.0707145205649449	0.0564201598884303	0.015260513800562	0.0160397062756178	0.0565707380138318	0.0319999927998513	0.118656589269661	0.44992158889539	0.0391113324167109	0.058628807973254
mix32	0.0288357170405717	0.0268847473970178	0.0280944902081123	0.00198983056746545	0.0938738983493582	0.0249238250113892	0.0315704045012615	0.0628200823234758	0.0333852423237876	0.127684157897938	0.474158861165415	0.0630242454404647	0.00275449777374225
mix33	0.0110445901428026	0.0536047231174217	0.0139068649561658	0.0692866893257466	0.0569599416187092	0.0391442836252061	0.032576995191342	0.00224730626465858	0.0439621527382606	0.111006423883647	0.467660250555248	0.0611727906262787	0.0374269879545137
mix34	0.0387875431550147	0.0348408642582626	0.02233525714957	0.0530371940416682	0.0384270310413503	0.14384747444966	0.00684922695556257	0.00974399640043122	0.0963780755020606	0.00198309266198942	0.456848472745325	0.0903950067249611	0.00652676491414406
mix35	0.037555991787273	0.108749124470928	0.0178943219198205	0.041119777325391	0.0889602433138007	0.0217552581514675	0.0178375088176049	0.06102360647676	0.0692508824534333	0.106278730276669	0.37504003236052	0.0170344764431893	0.0375000462031433
mix36	0.0134885389588088	0.016814449790565	0.0196190873149837	0.106405595537549	0.0896957457544609	0.0481211298837108	0.0475980266746114	0.0829791192621898	0.106562352882385	0.0265139774976539	0.346330254745623	0.0203809892803725	0.0754907324170871
mix37	0.0212492695083117	0.036341513938691	0.0204067145432459	0.0852208743182137	0.0671306417121218	0.0674825269093031	0.0281871365432217	0.0107377444303878	0.0593781183369839	0.0558527008041685	0.460269725701027	0.063434460992909	0.0243085722614146
mix38	0.028205214212395	0.0289188322490007	0.0274621051586003	0.101627845250381	0.0675197001378521	0.0837041076522847	0.00926247282214882	0.0645051792088561	0.0760042360953803	0.133071982337095	0.346249927260296	0.0154166416965741	0.0180517559191361
mix39	0.0325149818960208	0.00753209342393413	0.021786571009481	0.0777618664148194	0.0210546765585033	0.141692013937393	0.0178149727298272	0.0398528417337879	0.0386851491129757	0.014030529551685	0.516657299281092	0.0319535894535136	0.0386634148969677
mix40	0.0303221785488299	0.0122461847818406	0.0404453470717916	0.043755462924836	0.00053061537615973	0.128983620076894	0.0539995529192975	0.0377464189685423	0.107384797997198	0.0736379761419348	0.344374131863555	0.0809101876350678	0.0456635256940523
mix41	0.0306944814260799	0.110878043922801	0.0226086083759158	0.0516219038016777	0.0527009832134549	0.0775632734768147	0.012752972278506	0.0030369094156626	0.0803769412964731	0.0803786818918776	0.42012295367124	0.000318658445757513	0.0569455887837395
mix42	0.000505380693061133	0.0944765617241563	0.0134333361631904	0.0249180446588013	0.00227353637487534	0.131754368985468	0.0288820725661165	0.0403216693470738	0.00369152556720128	0.110201708731541	0.49454538930188	0.0132011992954507	0.0417952065911847
mix43	0.0512403476263513	0.0592195651874015	0.0265538031216807	0.0639184140542817	0.00604010652224593	0.0369286236022209	0.0502777143443395	0.0372958010295829	0.11796900760736	0.0785003174186312	0.326490988549891	0.101724826088986	0.0438404848470279
mix44	0.0209385904410382	0.0119383835122451	0.0210450299309992	0.00178627902647159	0.0679646132119137	0.113879634171407	0.0295752269499281	0.0554027043821035	0.0523583295455342	0.0796286277382655	0.48474535881232	0.00334365210391889	0.0573935701738558
mix45	0.00255776957528619	0.0785091143633004	0.00196451346159301	0.0811341909105965	0.024444942814613	0.117186097850053	0.0316930055136643	0.00767072791955933	0.0706132883981788	0.0915726962075169	0.42901302131533	0.016234968668592	0.0474056630017167
mix46	0.0161643981041098	0.0332154671138271	0.0175000693685898	0.101391326561002	0.061714343434277	0.11141048234972	0.026149598876108	0.00958896574135283	0.0385309989669846	0.10448851614582	0.404242980369359	0.0751589626517634	0.000443890317087025
mix47	0.0390412657193833	0.0496393284754767	0.0257591119290676	0.116966687887342	0.0481407691448945	0.109620919867204	0.00655872357753821	0.0558199816424297	0.0217491049709532	0.0213783224705703	0.470609089916233	0.0268803578114344	0.00783633658747346
mix48	0.0164481029591436	0.0880408853914703	0.0191275366831701	0.0705113162083039	0.0330459795078357	0.139461045508656	0.0292031273770347	0.0605116134252754	0.0569142241239932	0.0298715825859418	0.406242615741057	0.0430225912901181	0.00759937919800014
mix49	0.00938452638353622	0.0963142284785823	0.00814771703725858	0.0612581156161996	0.0539876054716972	0.0156660880376195	0.0360467937290836	0.0629931531722434	0.0815912960878848	0.122818200362425	0.361604706056852	0.0790169706999333	0.0111705988666853
mix50	0.0359814198341327	0.0467011987610152	0.0147625393362092	0.00502666806579759	0.030263345857	0.16913426227598	0.0207824744658807	0.0733709640491262	0.0262115100959719	0.0261146659808919	0.404111091054249	0.132070401020898	0.0154694592028465
mix51	0.0388252241383715	0.0467184105526646	0.0141766650693213	0.103698962903027	0.000683941225052147	0.0981606153725025	0.0139991569712472	0.0355366697953708	0.0662050365201515	0.107072308923507	0.402793685060017	0.0346375945605542	0.0374917289082134
mix52	0.0236132497275898	0.110557124962484	0.014192642194412	0.00283842282580374	0.0907374779110748	0.0016064582330541	0.0308356999584804	0.0634753694980308	0.0114991941758782	0.106647959549008	0.436887226115689	0.0770783104057379	0.0300308644427569
mix53	0.0338033614812327	0.112982344007739	0.0146247816687898	0.0968251181317891	0.00464417083544067	0.022607955521361	0.0211572732261723	0.0334637287960022	0.0391808192565377	0.105183772777134	0.451688035726854	0.0265400412741598	0.0372985972967875
mix54	0.00891855009981794	0.0634079733759653	0.0090379341281451	0.160523459265288	0.0723214185086819	0.0501707265944392	0.0290656645104016	0.0144316291110206	0.0383306504771749	0.0318824721345718	0.501935487711887	0.00432531721994887	0.0156487168626586
mix55	0.0339311446736279	0.0530982501308209	0.0247238047509163	0.0618300934577061	0.0255913333019371	0.18260959731431	0.00136112677143778	0.0777535807267095	0.0960134250007431	0.0924090199129287	0.330220264458153	0.00809562159604287	0.0123627379046671
mix56	0.0391276296939519	0.0679996449487916	0.00215187735688773	0.0192076772206138	0.0922690978149452	0.0068131416424082	0.0369557290647957	0.0642370380476672	0.0741627639059663	0.15940758589179	0.348396307842159	0.029023660535748	0.0602478460342751
mix57	0.0260551286430526	0.0204708362503367	0.0196661497603939	0.10837365116847	0.00768579624140953	0.0910020330367365	0.00011100645666578	0.0652431787785986	0.0210686857340215	0.119979854340719	0.429763463628762	0.0485088409162908	0.0420713750445425
mix58	0.00691940205629696	0.0889365437941859	0.00927638755236347	0.0442401689337447	0.0282486559267618	0.044596843211285	0.013613174865888	0.0874633522323768	0.0505801284447125	0.0617313320589903	0.49673519655827	0.0345824018302341	0.0330764125348902
mix59	0.0405910388149483	0.0544493992868798	0.0101519920984015	0.129795624459457	0.00557707221824772	0.0368095958677869	0.00940793384448563	0.0438072809245506	0.022152856275522	0.0495364168239565	0.553042888557928	0.0434784680639998	0.00119943276383633
mix60	0.0322688534622966	0.041309515282056	0.00564930518342453	0.0169154903436442	0.0280518329093318	0.143861504807953	0.0135418353796985	0.0238616829511915	0.0776399619658209	0.108211646634539	0.38836463541698	0.08551221802719	0.0348115176358738
mix61	0.0167669782790684	0.0507479800735706	0.00766735693258513	0.0465376287001642	0.0654789164353472	0.0710769435317007	0.0283145805550522	0.0646132299902616	0.0578786898997249	0.0961229405621949	0.472544866677473	0.020339990713738	0.00190989764911918
mix62	0.0141106902054105	0.0360796752740622	0.00822807359217015	0.0973964505625414	0.077863299673484	0.135439689800212	0.0290594399572972	0.0378244092566352	0.0672500406791032	0.00862797840886726	0.46009751851233	0.0228122976157557	0.00521043646213095
mix63	0.0317677030130989	0.0878030117010556	0.000847575300641608	0.105920384773803	0.075450655692414	0.150582731915235	0.014027749381744	0.0249645993112336	0.0468005881204069	0.0362867046345395	0.346104014341359	0.0128718209938983	0.0665724608205703
mix64	0.0287269910642397	0.0937247436536895	0.00725722930556046	0.0186448558760659	0.0679079389180361	0.0883635643931162	0.0231288513453795	0.049515882189118	0.0639133726714841	0.0722325568610326	0.462211086946117	0.00896174481101034	0.0154111819651506
mix65	0.0235089441438697	0.0497794164503015	0.0164670028263205	0.006536758030765	0.0370942478042079	0.124854687347303	0.0150786636674056	0.0100255301369124	0.0743910109834382	0.10566341768985	0.452593754562797	0.0572309135547136	0.0267756528021163
mix66	0.0306659534327489	0.0809645212634002	0.0195492613071121	0.070403453578704	0.00419683877358814	0.142050943042324	0.0128222340160434	0.0344031097486076	0.0298617187427521	0.12220492368289	0.431663240613822	0.00563454656898902	0.0155792552290181
mix67	0.0174626993919723	0.0886083947721168	0.0337804904313554	0.0500038917808336	0.0292286670455458	0.0137312489231089	0.0233659314655561	0.0868287868954108	0.0377715276044711	0.180733389482537	0.333810685695604	0.0832921926822725	0.021382093829216
mix68	0.0519937711352818	0.0133443985248531	0.0172966826726636	0.0548131397050892	0.0282110570796295	0.0493688457829916	0.0118387257852567	0.0182059986579656	0.0347540916721484	0.116858766834614	0.49513157471186	0.0945045854547635	0.0136783619828839
mix69	0.00146734030886365	0.0304648717671307	0.0159468413367604	0.139647487159792	0.0921529649576878	0.177504801625352	0.00505132249962981	0.0883475099548572	0.0130849937501697	0.032510698123696	0.311328282071847	0.0306050541720184	0.0618878322721961
mix70	0.0171851255398196	0.0717721250207247	0.00223153144063626	0.103351861441958	0.0323462767647945	0.0781767606944813	0.00702974519984981	0.0706518957469832	0.0684834017235957	0.043240931881844	0.398245343549532	0.0613772365498793	0.0459077644459017
mix71	0.02060811399319	0.0636600095597476	0.0279952508036055	0.0474758444472205	0.0652716173317028	0.0665563652108718	0.0423329931568152	0.0320963462291531	0.0988740657874739	0.0892291829103844	0.40377388438515	0.0216995844556202	0.0204267417290651
mix72	0.0232716732828758	0.0983536975082616	0.0245446337425592	0.0335854761373277	0.0779537450089983	0.0453417626548727	0.0210263366827613	0.0452181834538108	0.0130015630520187	0.0361023065147777	0.484970246180149	0.0758150079017589	0.020815367879828
mix73	0.00664004139482593	0.110898948558363	0.0264369293517205	0.0735677718571831	0.0844445841588271	0.118283414672993	0.0356993199911785	0.0368536504032715	0.0211537757718126	0.0488496001192304	0.349453491495077	0.0765130743693594	0.0112053978561578
mix74	0.0332667515789758	0.0431702951476338	0.00292638698104641	0.0416645113435	0.0703145985938491	0.1027818462789	0.0210698198304722	0.0582169076377203	0.068480584036009	0.108763173629053	0.348805980988246	0.051660483504532	0.0488786604500621
mix75	0.0358375636549789	0.094710310063729	0.0189863096121054	0.0574383345688006	0.072769375083497	0.0267240479550706	0.00952471797671282	0.0765554865647683	0.00366929968623747	0.0356852471540773	0.458033130416404	0.0682582264839038	0.0418079507797147
mix76	0.0396209739262178	0.0804960547950416	0.0244800102257194	0.0880815114894614	0.0188389740220189	0.105864268993531	0.00621418917605557	0.0610279362164525	0.0327899413586066	0.087891011325843	0.339815003476769	0.0778888579724773	0.036991267021806
mix77	0.0163811989186728	0.0728103095902435	0.0110213994282109	0.0180388337970483	0.0731305683129886	0.0691715455815482	0.0386437374647516	0.0776781360957255	0.0334907434508843	0.0931079549204811	0.440634214338915	0.051399266350524	0.00449209175000622
mix78	0.030808770132347	0.0682090657584739	0.0246231867174619	0.00863106534189678	0.0432299529782284	0.109855691261611	0.0299570676284493	0.0165655768543972	0.0562487498232779	0.0987907887623837	0.449253743386473	0.0154784495110273	0.0483478918439723
mix79	0.0199075664536484	0.0133623406856667	0.0174380125597783	0.0502825032210851	0.0974144792475992	0.159155900388437	0.0153727559554896	0.0217070397087532	0.0614766275350003	0.0928212079001667	0.378424504501908	0.0152215881477962	0.0574154736946713
mix80	0.00674962988367942	0.0801530965316954	0.030364967482897	0.111892971851356	0.0745030744706767	0.025208906905579	0.00278722289541978	0.0131027132296392	0.00202845559300573	0.0747080582653763	0.509828285314252	0.0496204104846647	0.0190522070917585
mix81	0.0262495420533383	0.0870768981215501	0.00026146599699516	0.0240988416842292	0.0434783188188713	0.126132864853565	0.0214998325630444	0.0610552825080912	0.00702127991693284	0.0855657426326922	0.480245426009326	0.00280528371420719	0.0345092211271566
mix82	0.00355742148700512	0.0119522115677387	0.0248195083936891	0.0784981153980072	0.0662303695780573	0.143885336943605	0.00468515275005023	0.0330426916235537	0.014825906962041	0.0588260226225262	0.495092490754979	0.0388021915633981	0.0257825803553495
mix83	0.0547630292703434	0.0891229918686682	0.0143568705758269	0.161768080077475	0.0378884375893823	0.0489026095761947	0.0430425013929545	0.0165574540670902	0.0133818374574549	0.0392747914201682	0.381260707494033	0.0440278070601479	0.0556528821502601
mix84	0.00565532174868954	0.0304732802468048	0.00366850698626619	0.10610426773221	0.0601736281161363	0.143992486008089	0.0233895936773223	0.0432383855484951	0.0644315564743318	0.0748856436182583	0.365539142767461	0.0284882670882157	0.0499599199877196
mix85	0.0100427090224926	0.072633960566352	0.0273213216989294	0.146391417937907	0.0635564924018711	0.0904442319200165	0.00812083801732834	0.0089547101290379	0.0382470361633056	0.128147648365897	0.344987183944528	0.0507608784368094	0.010391571395525
mix86	0.0178665741237382	0.0989435184329502	0.0223030813595839	0.102150569921694	0.0601947354178164	0.0973027080898578	0.00258691265290895	0.0259760385894704	0.0555166793813835	0.0510992464861867	0.347123201116629	0.07433557204306	0.0446011623847217
mix87	0.0135825821024903	0.0282010282986679	0.0345451812660269	0.0435982780837404	0.172401374962918	0.0190035233456993	0.0690035976063281	0.111377853403976	0.0344763938513771	0.00128831354885709	0.362907263392121	0.08220118007081	0.0274134300669871
mix88	0.0273305991942327	0.00429768850718534	0.0183878533952247	0.0227270055782256	0.0778505568159711	0.202500435789497	0.00837297858087472	0.0190569833927306	0.0972706114671171	0.109081930302215	0.363880498237433	0.0206350842148043	0.0286077745244895
mix89	0.0379887070474464	0.113325194226606	0.0309444939884125	0.0293368648642566	0.0450190139420672	0.149042612784324	0.00130002053698599	0.0282542095545092	0.0719549457411121	0.0452012768888693	0.369901125527492	0.0547304106611678	0.0230011242367509
mix90	0.0326826765255271	0.105385846395387	0.00746766276380687	0.00832103167644706	0.0109328770166182	0.120764683670813	0.0341566184524707	0.0674790863105868	0.0382162217500339	0.0656081734960799	0.404671496700249	0.0450230379600186	0.0592905872819622
mix91	0.0329575062951363	0.070797431919174	0.0486559017440884	0.125938825511809	0.023873249847269	0.0186910690339812	0.0255620230178257	0.079586493342838	0.0705681043668695	0.0235108491708572	0.367833924527732	0.0911827239422685	0.0208418972801509
mix92	0.0237190757923275	0.0540436494004993	0.0228325372590989	0.094641986530027	0.037602645387944	0.13285660488594	0.0043201042086296	0.0482873040100548	0.0707726857646298	0.0309654904791603	0.451188106775821	0.016617093459286	0.0121527160465822
mix93	0.037302607163549	0.109886285381077	0.0230000027551728	0.0764098884115066	0.0835979272339695	0.132302650343417	0.0320327341158341	0.00628418819316026	0.0251456939117165	0.0260873205240841	0.353881735101142	0.0384066175667452	0.0556623492986261
mix94	0.0446115850723091	0.0595436565969416	0.00499832641764883	0.0227582233852544	0.0372503414651674	0.10540046005735	0.00305421535020579	0.042270628872257	0.0741995989103255	0.0530679163986766	0.537253463925968	0.0116822812438794	0.00390930230401646
mix95	0.0258027397787374	0.0174620901397449	0.0179651909990303	0.0778139408641607	0.0209267810562206	0.141623488553604	0.0116131909283668	0.0150347139011751	0.0692765122647778	0.086746601389771	0.484293153097946	0.0311089089711781	0.000332688055287025
mix96	0.0108910399785546	0.0483527354782933	0.0267375278871146	0.0846312376998224	0.0865726052894679	0.103712649721115	0.0318940154608607	0.012224667568586	0.0120079306852414	0.0293432662732923	0.402857988628631	0.0981401837545354	0.0526341515744852
mix97	0.025763837827655	0.0330924052277162	0.0297493787574593	0.0415872843303203	0.00663439544470052	0.041233788750926	0.00740624335064257	0.074385832834454	0.0109677190059831	0.0796914520508294	0.513759487728349	0.0802696693519221	0.0554585053390421
mix98	0.047377517605686	0.0337370831328926	0.00103236498612436	0.0813856191303721	0.0731224873013524	0.0600987816310324	0.0455639711545164	0.0345165835755808	0.0744481444384101	0.12274280612076	0.394702138723564	0.00267530032306812	0.0285972018766401
mix99	0.0243237578296631	0.0161778716326397	0.0113895280005434	0.102738713217487	0.0720295699060736	0.119915074380546	0.0175512370388573	0.0513717909677611	0.0424872892770059	0.0451689195911899	0.478662511424587	0.0120360189792563	0.00614771775438931
mix100	0.0171689256155766	0.0712231488078122	0.00433044563953014	0.120437871663551	0.00593443316490097	0.0616347952993336	0.00675181978794643	0.00596950598463835	0.0711745784695731	0.137617988566461	0.440130067369557	0.00335079660923722	0.0542756230218813
